{'loss': 0.05352827161550522,
 'mean_squared_error': 0.00485661206766963,
 'root_mean_squared_error': 0.06968940049409866}